#from fig3a:
ARTICLE_SPATIAL_MSD = np.array([
    [0.5733021376706843, 250182038939203700],
    [0.6003441847550387, 262163851955228450],
    [0.6596725389675675, 289146855896921800],
    [0.7392837261108433, 330332810068291900],
    [0.8285026212364475, 367690815603756100],
    [0.8691473526152133, 390245456351716860],
    [0.9033732409093173, 410770183610153860],
    [0.9411253270171814, 425103906545462600],
    [0.9895857083312909, 451976019577617800],
    [1.0245893654990135, 470720078388777400],
    [1.0665828757500415, 497561104101120900],
    [1.1267132911202538, 526758859435288400],
    [1.171760449044476, 557840324139858800],
    [1.2214359018903205, 594601089372626200],
    [1.2769108084654648, 623162526085324900],
    [1.3541187600319222, 667285638932872700],
    [1.4307050690580918, 723349345314142500],
    [1.4873634809428309, 760769360159866000],
    [1.5639507317265462, 807619709128344300],
    [1.6334039604955817, 866393308160470400],
    [1.7019927757021318, 916319368576459000],
    [1.843832366842081, 1015031651481789400],
    [1.9081310167833896, 1057686645791300000],
    [2.029767468454885, 1146396804242570100],
    [2.2226175645177677, 1307996183144134100],
    [2.451085129027217, 1483161837582540500],
    [2.7082623892754083, 1708813557192702500],
    [2.932356927058129, 1907251373207203800],
    [3.1186817521097145, 2084035590250121700],
    [3.2536163205549915, 2181228992706594300],
    [3.3926414653765833, 2350069920092020700],
    [3.56045276687349, 2470450816889040400],
    [3.742341745666627, 2645878395482147000],
    [3.9025010486543477, 2780866492535223000],
    [4.041841135095643, 2941613431484248000],
    [4.263664372804875, 3084590017548192000],
    [4.4389850877344275, 3290919076875113500],
    [4.659751689272642, 3480786374559390000],
    [4.840129943186195, 3610298750318438400],
    [5.109052387057268, 3846656419256969700],
    [5.269378609902595, 3960721264604887600],
    [5.583674841533318, 4261539341039514000],
    [6.211776714557147, 4681279478508967000],
    [6.674444463022679, 5028867996339803000],
    [6.900753483856226, 5241844032179710000],
    [7.35389437557485, 5546343953543199000],
    [7.7176423869194615, 5701635146250873000],
    [8.038093698346483, 5876028071244556000],
    [8.327776425346734, 6084318379997849000],
    [8.903233206054361, 6351253799799482000],
    [9.551599058888739, 6568304436316444000],
    [9.775531293226985, 6633414809895035000],
], dtype=float)

#from fig7a:
ARTICLE_ENERGY_MSD = np.array([
    [0.517368052936592, 2.6979060805390593e7],
    [0.5438237078749198, 3.0861130976818338e7],
    [0.5716281774591903, 3.595327236424125e7],
    [0.6008575276539287, 4.1288128897320986e7],
    [0.6315776912906184, 4.816361147275011e7],
    [0.6638731332222814, 5.516597656464285e7],
    [0.6978154569444731, 6.42684606133783e7],
    [0.7334964718258326, 7.399786433038157e7],
    [0.7709984785344878, 8.620764328568573e7],
    [0.8104207111178334, 9.951798444004793e7],
    [0.8518582322035683, 1.1503357737641646e8],
    [0.8873250848321875, 1.3247671567461658e8],
    [0.9433348533139936, 1.5418489448936197e8],
    [1.0258513712248105, 2.0179867781781262e8],
    [1.1145024796751264, 2.6350068704674944e8],
    [1.1877746841013657, 3.2462700702508277e8],
    [1.2466163193985274, 3.7762874316778815e8],
    [1.3103438141358568, 4.48056937814454e8],
    [1.377337337845028, 5.233525015140118e8],
    [1.4477437245337745, 6.250269516143988e8],
    [1.5217590085644164, 7.338864420541396e8],
    [1.5995487051658717, 8.753183833884166e8],
    [1.6813241146647204, 1.0291138539947618e9],
    [1.7672722698094248, 1.2242386854141498e9],
    [1.8576168202509429, 1.4506645781539228e9],
    [1.952577914927242, 1.723464830229427e9],
    [2.0523893060373997, 2.0582914306068065e9],
    [2.157310373756831, 2.4357937865865026e9],
    [2.2675872276610534, 2.9090082894171257e9],
    [2.383509519973372, 3.442536956198623e9],
    [2.5053441599113855, 4.132873128496898e9],
    [2.633423556316684, 4.878105795022455e9],
    [2.7680313322371637, 5.863972604194731e9],
    [2.9095341341923127, 6.957610234917751e9],
    [3.058258392097324, 8.341925419916332e9],
    [3.21459610477873, 9.910640470672035e9],
    [3.378907213096748, 1.194474685257441e10],
    [3.5516151578471566, 1.4415158904130249e10],
    [3.733167600789285, 1.7193196202035366e10],
    [3.9239791318440487, 2.080336620793867e10],
    [4.124570299404603, 2.4747782375812443e10],
    [4.335383070186291, 3.0022565027542213e10],
    [4.557009482010345, 3.562180791306691e10],
    [4.780307373504349, 4.2410714736162865e10],
    [5.040460419842247, 5.2426504200209694e10],
    [5.462650674832678, 7.161427515083737e10],
    [5.913470827055889, 9.867901967927754e10],
    [6.387043732865271, 1.3282022587348674e11],
    [6.7592862150787845, 1.6535686785338718e11],
    [7.104738296996037, 2.0244382361919254e11],
    [7.467841936258368, 2.4817274293588498e11],
    [7.849459676437047, 3.0863376733979236e11],
    [8.250615735600396, 3.7933900471499915e11],
    [8.67231667354489, 4.601919381540272e11],
    [9.115525827293292, 5.65617797760355e11],
    [9.516490226801432, 6.747307152053966e11],
], dtype=float)

#from fig8a:
ARTICLE_MEAN_DW = np.array([
    [0.5205494547820988, 2395.146000163378],
    [0.5463029631562685, 2587.549074430758],
    [0.5733178433350854, 2747.337939605748],
    [0.601672876419838, 2933.137837154263],
    [0.6314290102348303, 3126.569106451835],
    [0.6626527345741359, 3317.027762294672],
    [0.6923871663666791, 3545.3906379303194],
    [0.7282247550169536, 3786.2233503860607],
    [0.8037886090742917, 4278.315816398527],
    [0.8813852718340769, 4846.74750017236],
    [0.924965419151413, 5125.801829940819],
    [0.9707288447122868, 5546.298557022766],
    [1.018749245009389, 5968.260569214557],
    [1.069153783278579, 6462.962295180384],
    [1.122038570838005, 6932.765282502893],
    [1.1775475916575107, 7477.87621368074],
    [1.2358077281333626, 8091.32608507638],
    [1.2969385340480801, 8693.194710588428],
    [1.3611097631803653, 9428.618901094518],
    [1.428428686912249, 10074.207345209594],
    [1.4990968261562359, 10874.895048118075],
    [1.5732785980504185, 11841.47550762397],
    [1.6511078379921067, 12752.424683615496],
    [1.7328135214603873, 13896.83587021309],
    [1.8185367058460056, 14977.705562262297],
    [1.908512235577953, 16219.189024106883],
    [2.0029617449674477, 17716.565705671117],
    [2.102047177411688, 19079.477863078322],
    [2.206067761265165, 20791.683066611233],
    [2.315196057816672, 22355.879704191822],
    [2.429766849087437, 24381.327008617638],
    [2.5499841417431077, 26402.26500430698],
    [2.664417633973295, 28311.56496309705],
    [2.8085824961508394, 31181.040808112168],
    [2.9475066537183188, 33447.64015534973],
    [3.0934088891105738, 36853.814349141256],
    [3.392155757994211, 42853.01785164251],
    [3.711616809522305, 49845.63452202041],
    [4.043385286842983, 57692.655230718825],
    [4.41450974232402, 67263.98868661914],
    [4.8408632060624655, 78477.2253730501],
    [5.296754678365717, 91233.88924954395],
    [5.795547093097313, 105595.06181663263],
    [6.3412956243061505, 121993.26825188448],
    [6.923294815735579, 141588.01463117026],
    [7.591754530150505, 161960.13639634],
    [8.30650595692438, 184661.90715069752],
    [9.068896196998104, 214794.43911836733],
    [9.836060307778428, 243025.38425676408],
], dtype=float)





#lambda
#from fig3b:
lambda_r = np.array([
    [111541488.02808844, 1.5225927372736563],
    [133879415.19598787, 1.483822371769831],
    [155847433.99023002, 1.4345253737703754],
    [177627119.04211915, 1.4142902801946091],
    [199836218.15488634, 1.3758543087993709],
    [221979945.31912532, 1.3266540662612967],
    [243813159.04622814, 1.2877481707710055],
    [265406379.62195292, 1.260049311816065],
    [287826632.85427284, 1.2213764355133012],
    [309791776.5806748, 1.1813105164332542],
    [331653640.60365164, 1.1324113977420933],
], dtype=float)

#from fig7b:
lambda_W = np.array([
    [119603731.24081565, 1.8441841863690336],
    [140730297.8260702, 1.791528601890924],
    [162014199.59939885, 1.7422239467968719],
    [182980150.5958117, 1.6893449670264917],
    [204286546.54583216, 1.6185943638744724],
    [225605126.84156066, 1.5362272055243873],
    [246270273.35750663, 1.4634266220432974],
    [268035870.2821988, 1.4149367027210553],
    [289196522.71240354, 1.3297836736673618],
    [310652204.46374077, 1.2700582852338684],
], dtype=float)

#from fig8b:
lambda_W2 = np.array([
    [26884369.547413036, 3.815001835691491],
    [51341837.782992214, 3.7038210624417522],
    [75389089.34148815, 3.570103645965715],
    [99028068.37776853, 3.416854472026886],
    [123281562.36514558, 3.29615822719271],
    [146765333.03782183, 3.2087661329040644],
    [170870423.20363164, 3.1644440678923442],
    [194963362.40151834, 3.1013414668587087],
    [218998949.03080815, 2.949594735801633],
    [243273180.67010725, 2.8609506057781924],
    [266977288.8944553, 2.8083651049168292],
], dtype=float)



#from 2017 fig2a
_2017_2a = np.array([
    [-5.010515558075943, 320742990.4257005],
    [-5.01656069152396, 1017685144.6291481],
    [-4.879088794807787, 1401622344.655939],
    [-4.5314863029832875, 430776438.8241202],
    [-4.535482238652316, 782384837.1872791],
    [-4.234176979505975, 395531055.05159867],
    [-3.973811764558434, 258121284.69028416],
    [-3.828025979710362, 791380488.6424023],
    [-0.03162362584743761, 45.3632746198277],
    [0.1520137694039594, 988.7880649978855],
    [0.09150388641581397, 236.85853086451957],
    [0.5163402243267781, 1514.340582296609],
    [0.6247051485087418, 2593.0501658875264],
    [0.7907487171148189, 1692.2095788355475],
    [1.0652475418865865, 4933.669467065629],
    [1.4375370120971054, 6904.5997246978295],
    [1.2649916316808367, 3360.07489376323],
    [1.557564380863286, 7974.370623086848],
    [1.7546913523512275, 6229.515708935949],
    [1.9578605298617884, 10348.953692588739],
    [2.1570484088303115, 13825.29005917063],
    [2.2993461663160035, 11353.04195568946],
    [2.5414442467765577, 17120.566611459326],
    [2.875537069581095, 21211.561886003314],
    [3.211505085773129, 24811.736416636562],
    [3.469719340058778, 29780.923306178145],
    [3.789009826428077, 32993.54198678651],
    [4.112820333649769, 40955.378274640185],
    [4.481625369247262, 41960.68566077163],
    [4.825777712819844, 53405.033309384344],
    [5.193453072698005, 58423.065895342894],
    [5.5205739657863, 60578.932364883156],
    [5.886401011364717, 66025.07726529309],
    [6.080419057079392, 63872.0226131883],
    [6.370066576432335, 70780.25806678251],
    [6.657804787119978, 76167.61142336694],
    [7.265126369286194, 98001.98165976763],
    [7.250661751290116, 75733.47414743112],
    [7.608459002065085, 111074.01772148653],
    [7.975402017689375, 115095.64173514028],
    [8.290285651642684, 130353.07181617431],
    [8.694921708794546, 125001.8922138687],
    [8.931107268177634, 112505.35240553373],
    [9.411723773321388, 132355.24447453636],
    [9.755722604480265, 141213.32020149537],
    [10.078196076683561, 170853.63465291882],
    [10.471050059779959, 164187.07572305785],
    [10.792629366158739, 172379.5813243508],
    [11.12482567194305, 167389.70817188153],
    [11.523381100613932, 169427.2593028741],
    [11.923173732443885, 192864.50414867568],
    [12.343814756105996, 199175.9105823174],
    [12.669662086081129, 181906.6172465567],
    [13.039431907944632, 198917.3278944515],
    [13.389906698325767, 206153.47406920753],
    [13.69997750552264, 214744.71862516442],
    [14.069252703381114, 206452.96435429796],
    [14.3862782369177, 206452.96435429796],
    [14.790891362570605, 210691.80119564812],
    [15.097668630325824, 234217.34679167124],
    [15.452056243685199, 237757.30212578157],
    [15.775876331571833, 266030.76960340695],
    [15.953114374901983, 209092.1332961723],
    [16.2583277469554, 292398.51022995217],
    [16.59366432635995, 290178.48786545976],
    [17.01800195644409, 282002.4812496508],
    [17.26954830237848, 283619.04235945136],
    [17.76671295781519, 239837.26073942662],
    [18.058319656616113, 256474.47394315587],
    [18.485454441668573, 299161.00430628593],
    [18.838035020383316, 255791.24037610652],
    [19.131457768440416, 297213.0600149653],
    [19.541596339832495, 255239.47984779306],
    [19.842696679200937, 303756.00137789204],
    [20.098495110526727, 236209.17929984868],
], dtype=float)


#figure1b
initial_maxwell = np.array([
    [1.1161376360074342, 0.05212605070666866],
    [1.559848645008699, 0.04284095812550353],
    [2.0545603400190444, 0.03863629825343095],
    [2.7174171982263053, 0.03304021906072346],
    [3.6824963769086585, 0.027336921663521606],
    [4.872012442209523, 0.024315287153814168],
    [6.798762797939492, 0.01916821802892673],
    [9.306571177937665, 0.015807268522315152],
    [11.765222107359008, 0.014370853490838782],
    [16.213006727523894, 0.011570454936627898],
    [22.43130108974015, 0.009082898160931375],
    [29.458083712470284, 0.007496205282732272],
    [39.49657279085176, 0.005733970886294479],
    [52.95589752033582, 0.004185893292613626],
    [68.90398164690043, 0.0032601487541149745],
    [95.19719984355861, 0.0020517178225330918],
    [128.6626258726999, 0.0012202941192593524],
    [166.63118972253983, 0.0007876170063120585],
    [225.20837227592756, 0.0003550276265398501],
    [286.1663842072925, 0.000159566469700413],
    [365.8466111926846, 0.00006580457677300633],
    [418.0109291290068, 0.00003148377825892911],
    [484.0219946576641, 0.000015457502750512802],
    [575.5993268589666, 0.000005273616905038984],
    [648.9631209879724, 0.0000022972104541256495],
    [702.9965241637434, 0.0000012360009167581451],
    [761.5288095784782, 6.840255859682924e-7],
    [814.0116828336006, 3.857295679051362e-7],
    [893.6195433342089, 1.6293446851332446e-7],
    [981.0128098518692, 6.564346957602644e-8],
    [1034.7373326600416, 3.038342770231927e-8],
    [1106.0491301905904, 1.4146390581761444e-8],
    [1182.2755783348991, 6.768340764708475e-9],
    [1247.0221245939545, 3.299710335947106e-9],
    [1405.9630235040768, 6.852163942655141e-10],
    [1315.3144729733383, 1.760447842207669e-9],
    [1502.8588706944106, 2.484578835667482e-10],
    [1578.1345183254646, 9.130258647124002e-11],
    [1627.988599411337, 4.187611022171262e-11],
    [1717.1443268005924, 1.7337791428579943e-11],
    [1811.1826090978952, 7.1379599198553865e-12],
    [1910.3708362189454, 3.077082635950235e-12],
    [2182.7614737922354, 1.4298169854756678e-13],
], dtype=float)


stable = np.array([
    [1.107082832045625, 0.000026524911644687507],
    [1.9113068445030679, 0.000058928816956753016],
    [2.5467356489724597, 0.000051426770770898046],
    [3.399453993927438, 0.00004602445162065894],
    [4.492932889875057, 0.00003609612747318974],
    [6.159198784617767, 0.000022830617708267264],
    [7.624547696204331, 0.000014569501343604905],
    [10.141348100155756, 0.00001600289165104321],
    [13.749112344399936, 0.000016162639219874276],
    [18.069506478760584, 0.00001679446660370579],
    [24.59897729636845, 0.00001720881368564048],
    [33.59860486001964, 0.000015399546319902216],
    [41.738980083930194, 0.000012661083947886116],
    [54.38661797436929, 0.00000783100980630772],
    [72.9200526632895, 0.000007267332565782592],
    [97.76916231347204, 0.000009340768697177838],
    [131.08615189317177, 0.000008598397746523724],
    [175.75663748723647, 0.000007629729798405962],
    [235.64957224462512, 0.000006704044416600939],
    [315.95234008221996, 0.000008463660030176857],
    [422.3671016655875, 0.000009879389695336369],
    [567.9778734426466, 0.000009316875575244112],
    [761.5288095784782, 0.00000839529297113774],
    [1021.0364785919337, 0.0000073108934312350975],
    [1368.9770859653622, 0.0000052270449524074064],
    [1835.486097894074, 0.000003743549369102293],
    [2333.1925439425713, 0.000003571831720406896],
    [3445.678361798389, 0.0000023352758346130597],
    [5054.805639039484, 0.000001862045792745237],
    [6777.341690471725, 0.0000014661338180653758],
    [9086.86973731677, 0.0000011108924913122574],
    [12183.420195421248, 8.791843119392594e-7],
    [16335.188238543986, 7.011723720784066e-7],
    [21901.762436868794, 5.47861879126108e-7],
    [29365.269064312488, 3.83431255945508e-7],
    [39372.12951263974, 3.105319648698184e-7],
    [52789.047461648835, 2.401614568835712e-7],
    [70778.07490736809, 1.6894462662570155e-7],
    [94897.25858820295, 1.3021418142959912e-7],
    [127235.58389151351, 9.551405640693812e-8],
    [170593.90386043084, 6.169229892597364e-8],
    [228727.5237338937, 4.529087725799175e-8],
    [306671.4514971225, 3.124093351219156e-8],
    [411176.48470137175, 2.0684266083465912e-8],
    [551293.9034462544, 1.4587924673251808e-8],
    [739159.4103387052, 8.710557666651602e-9],
    [991044.215212381, 5.455841658846654e-9],
    [1328764.3000524945, 3.724995378546707e-9],
    [1781569.9218986146, 2.114961738297441e-9],
    [2205081.43223623, 1.6223332972279804e-9],
    [2878735.959574978, 9.708138065907702e-10],
    [4410068.685940515, 4.603625487769857e-10],
    [5458422.06624728, 2.9587833135602114e-10],
    [7221595.759969815, 1.7009231832069338e-10],
    [10077543.351341229, 9.192830941150034e-11],
    [11327094.51929014, 4.9660040384045725e-11],
    [17639521.339640364, 1.4615102927409118e-11],
    [27022798.12644323, 5.448147075249954e-12],
    [40308451.78530921, 4.427734958851969e-12],
    [47300141.27349298, 2.1738726763388236e-12],
    [64269691.96722608, 1.3753286714090985e-12],
], dtype=float)


#fig4a
_4a_thermal = np.array([
    [0.1710580173153049, 0.1765375486600032],
    [0.2796770446947874, 0.11715604033378993],
    [0.394682214398284, 0.07558004770063062],
    [0.5128849231805257, 0.04835317537306757],
    [0.6246976284761401, 0.031662993679550056],
    [0.7396997092495463, 0.02034481135796097],
    [0.8547019003418843, 0.013074272462949899],
    [0.966513130121786, 0.008545017780977457],
    [1.0783185957375012, 0.005543192790969964],
    [1.193321338424498, 0.0035647961628815406],
    [1.3115209444867832, 0.0022714542008592476],
    [1.4265380286349139, 0.001488198672701115],
    [1.535151471118474, 0.0009804853449821033],
    [1.6469419747290641, 0.0006238155530286921],
    [1.771563391983987, 0.0004047079672373953],
    [1.8833671393823392, 0.00026195123841203053],
    [1.9855546612930515, 0.00016860424819719418],
    [2.0141918232680327, 0.0001303047605689535],
    [2.036480770567752, 0.00010882069756831018],
    [2.1421858888421457, 0.00010522162019853473],
], dtype=float)

_4a_maxwell = np.array([
    [0.5708244375102645, 0.8229887141678824],
    [0.6629423961241583, 0.6744988646311998],
    [0.7762768927574315, 0.5003413969205132],
    [0.9108895138774842, 0.36387893658862397],
    [1.052615371982263, 0.26999244865874444],
    [1.2014390704549185, 0.2003427774243374],
    [1.3360055017244212, 0.1372251213398307],
    [1.442303744457218, 0.11025514413476238],
    [1.5698339218262443, 0.08179727176769225],
    [1.7045081294136968, 0.06443720502930424],
    [1.6052307439645266, 0.07257960222002462],
    [1.825063639349647, 0.05608724032397761],
    [1.9668818771555263, 0.04691587996076235],
    [2.0803087534899, 0.03923432397987211],
    [2.271796477254065, 0.03218375562725445],
    [2.399403637707341, 0.026385232417831004],
    [2.5270415913943176, 0.022513282662418994],
    [2.711416078173756, 0.018101107656966386],
    [2.831986984726556, 0.01607346013988223],
    [2.995129536869765, 0.013995904981409202],
    [3.129896124158318, 0.01242968020499071],
    [3.293038676301527, 0.010823097303529785],
    [3.4348877073411073, 0.009422389552998053],
    [3.5979994662506156, 0.007883135024603324],
    [3.782450936114304, 0.007004054833148435],
    [3.917217523402858, 0.006220259556627043],
    [4.108782230251273, 0.005638496302021174],
    [4.279038019379208, 0.005009093386443101],
    [4.47768516997865, 0.004451070202795574],
    [4.669234480210215, 0.003954962663326501],
    [4.818227541468221, 0.0036560304070974593],
    [4.9317621941205445, 0.0035163658154033026],
], dtype=float)

_4b = np.array([
    [0.0010804589721742847, 0.04193532344106858],
    [0.0012314739855618414, 0.04760030808173265],
    [0.0014046272002773278, 0.053779622553446996],
    [0.0016111435806316888, 0.0620098607523507],
    [0.001841454847709403, 0.06756425511849963],
    [0.0022367618534286306, 0.07858545443871046],
    [0.002521873320205677, 0.08519025488988007],
    [0.002939242863267507, 0.09423428484203777],
    [0.003282392977451786, 0.10214772098067844],
    [0.003944048139826892, 0.11226535397234083],
    [0.004887826785438139, 0.12569112010390016],
    [0.005694524614733461, 0.13292478584778764],
    [0.006620212608930207, 0.1357442944912424],
    [0.007729952364061258, 0.14001899681208316],
    [0.00838935703965505, 0.14150245466272648],
    [0.01001810811771406, 0.13817888741757753],
    [0.011380553544858786, 0.13624169878485823],
    [0.01412331645627233, 0.1285053244957293],
    [0.015676305097702785, 0.12233254078028961],
    [0.017343406810487735, 0.11529654893979056],
    [0.02047679384085615, 0.10383195992289765],
    [0.022056647073168394, 0.09745231564302381],
    [0.027445331579955188, 0.08153931246939229],
    [0.03378348378569119, 0.06298168119413303],
    [0.04639048169538567, 0.0427563928577778],
    [0.05966161974567559, 0.029598502818833236],
    [0.09654310304101667, 0.014760155562955912],
    [0.1241702106758404, 0.009720191591696742],
    [0.1614517020992873, 0.006530773782161211],
    [0.20993257872658522, 0.004301109886499109],
    [0.26343904305861926, 0.00296956589968278],
    [0.3287811536411591, 0.002060430037717462],
    [0.4465769648844434, 0.001384763845822639],
    [0.5977785366843991, 0.000968497979933736],
    [0.7042908754401533, 0.0008263946245575462],
    [0.7630548492070063, 0.000778754284337831],
    [1.0305868943594025, 0.0006079343346975549],
    [1.4460694088558015, 0.0004891429477161794],
    [1.9459229742879354, 0.00038954287763231024],
    [2.695870001556246, 0.00031339859920097237],
    [3.7621226108581363, 0.00025215069633305836],
    [0.07467915104518678, 0.020484129909063557],
    [0.024280088547391904, 0.08629218214848103],
    [0.040455046372053084, 0.05064737245772166],
    [0.1396288166657263, 0.00809448090431899],
    [0.18730975447782083, 0.0050876671750496195],
    [0.3733319631574343, 0.0017487111687267693],
], dtype=float)


_3c = np.array([
    [1.9196603770088627, 1.1479358740652286],
    [2.4559122042645116, 1.2134893085107246],
    [2.2359152481298517, 1.1481839477970257],
    [3.1113989498869774, 1.2315064583906197],
    [3.8129720039518453, 1.0382936782636953],
    [4.55546844658067, 0.9244640660683873],
    [5.8737835350546135, 0.9679195934854605],
    [5.305960097980969, 0.9247121398001845],
    [7.1982322219560135, 1.2554123265140777],
    [8.821323906810271, 1.0034751234023076],
    [8.384106572918428, 1.2557985031481127],
    [11.666945072510153, 1.0061856059804848],
    [14.85329488281451, 1.0059856977670605],
    [17.521568657299728, 1.1889035885218064],
    [21.472415409162128, 1.1526002569639537],
    [26.991517740206273, 1.1058792778986],
    [25.00989320951241, 1.1522959190868],
    [33.929207126321074, 1.2237769583005635],
    [31.43824126824491, 1.1051606313147335],
    [41.57972634581147, 1.006089274943739],
    [52.26705519198437, 0.8153269688444824],
    [48.42978750987533, 1.0078564806001507],
    [65.70137176280693, 1.1356835039268884],
    [60.87780269794194, 0.8164036599897058],
    [80.51602998770547, 1.0327593323295776],
    [101.21124290734531, 0.8605028151301707],
    [127.22579208654274, 0.9329646406959369],
    [117.88531138581858, 0.8603365801552549],
    [158.68106635802906, 1.0840615768061987],
    [148.1856331925456, 0.9347318463523486],
    [203.60442788939224, 1.06425519103722],
    [246.36323013899695, 0.9430623498132538],
    [301.9143846395089, 0.9887369010236893],
    [286.95039468628045, 0.9437247322517642],
    [394.2647454009353, 0.9937974772792969],
    [477.0639676838003, 1.0849102276653197],
    [584.6346232580028, 0.6010982516964809],
    [734.9045510023954, 0.7682986681972972],
    [923.7986899822878, 1.0570296386672742],
    [1161.2447064710166, 0.9209560818541398],
    [1423.0876936151537, 0.9932844931964482],
    [1788.86706484324, 0.949739880882561],
    [1970.263574085114, 0.9959312949919268],
    [2489.306833832824, 0.9817385303636015],
    [3019.749731636238, 0.9767114629382855],
    [3553.180613993214, 1.0088318110350278],
    [4699.3811239787565, 1.0293506628567544],
    [6215.327996960082, 1.0337529059873432],
    [8108.558128762724, 1.0515509994831334],
    [10509.760872050258, 1.0758579518346951],
    [14094.8710154613, 1.097632287722712],
    [18540.39999541126, 1.1216609444274586],
    [24404.660300003095, 1.146577279914123],
    [32549.385572075167, 1.1763642468853774],
    [42893.27945545857, 1.2045619610663394],
    [56115.37312102789, 1.2351120523721892],
    [75508.46518249786, 1.2583596939315098],
    [95348.35543788598, 1.2876895565849495],
    [126106.24407399583, 1.3121852239637313],
    [164421.04167181638, 1.340565751963017],
    [214662.6103906409, 1.3680779589793484],
    [290751.9102816259, 1.3933621321066867],
    [381679.94977751933, 1.4214768040196364],
    [503735.8459570972, 1.4404953283602784],
    [665225.9580761408, 1.4589087188273364],
    [883017.8826996434, 1.482225457506725],
    [1167865.6451496435, 1.491564879392311],
    [1544600.842002114, 1.4993851693532827],
    [2042864.9228806952, 1.50803407672768],
    [2701861.2055959534, 1.5188926305378807],
    [3573439.385316977, 1.5160789970265505],
    [4726175.058173646, 1.5116081286883682],
    [6250765.2353871735, 1.5054800255233338],
    [8267164.365897109, 1.5101239487328386],
    [10934022.328311913, 1.5092437558528362],
    [14461166.971493948, 1.509468386190735],
    [19126113.3275657, 1.5038926946346514],
    [25295898.438900024, 1.5014933698300343],
    [33455959.758897156, 1.4941223405448607],
    [44248329.273321435, 1.4772222110052873],
    [54544647.163789496, 1.4530793514816929],
    [70962483.55422062, 1.474522633157302],
    [87889317.69467828, 1.521426648296532],
    [105003921.64816613, 1.6538345107910117],
    [135391192.65684098, 1.4532622099541002],
    [122302815.8201565, 1.655325510642948],
    [170191089.76931828, 1.5681216265068347],
    [213935681.25426087, 1.484112863837307],
], dtype=float)

_7c = np.array([
    [1.861439817764416, 0.29109731491910695],
    [2.2752305509077817, 0.5843336119884417],
    [2.8180764617101084, 0.8594927529322027],
    [3.5472066240153874, 0.2912622165100931],
    [4.3111828941476755, 0.20720393079402477],
    [5.283480344273108, 0.36234149438120733],
    [6.427149358218604, 0.9057308452732618],
    [8.060215306803642, 0.530758011683317],
    [9.835905186159195, 0.23511296738873133],
    [11.985320285434868, 0.6897842327678214],
    [14.808642518028824, 0.41855879268000074],
    [18.3637139527435, 0.6313747508093432],
    [22.662662391890283, 0.4221659383784684],
    [28.1777701100217, 0.49649977765336484],
    [34.24459829468193, 0.4153914172420188],
    [42.71437939459564, 0.3228455164717854],
    [63.51922794777161, 0.47848815399693123],
    [83.47254819894701, 0.35544794958198],
    [100.01631503480844, 0.3414485829189009],
    [122.50737663201932, 0.524544227713605],
    [162.67078427461632, 0.5329435856410027],
    [219.3715507721823, 0.4811146822862402],
    [279.91648777885047, 0.47440765469032575],
    [344.11179520844036, 0.467348287933651],
    [523.0219331048596, 0.15491813940254895],
    [631.4659244805412, 0.417532907206124],
    [767.5004931874865, 0.33121365325116736],
    [1321.5605584490736, 0.4304575933734176],
    [1682.91826720849, 0.41102761665891174],
    [2175.479684972011, 0.4740481657901019],
    [3505.0218696626425, 0.4852495716108738],
    [4653.671306281301, 0.49874648058351045],
    [6176.523553826098, 0.5310913091379579],
    [8174.8267028247865, 0.5747258893338558],
    [10877.491322922644, 0.6092809639069383],
    [14729.137179133566, 0.6730531217295077],
    [19691.11231907686, 0.7313893674767122],
    [25636.168535159977, 0.7931539790742659],
    [34536.25045057587, 0.8889726567416512],
    [42147.22231882509, 0.9272847358494891],
    [51617.23300068326, 1.0059148249690413],
    [63514.011021510814, 1.0626207242060732],
    [74317.55286396664, 1.1280128133183456],
    [92686.12930226438, 1.1923512596253623],
    [109440.89191623969, 1.2700202031404892],
    [137828.19760345056, 1.3489302842285629],
    [169132.58964397662, 1.4359869990818737],
    [204916.23262226704, 1.5157466162985653],
    [251488.9414751518, 1.5963863255875588],
    [304708.0584316669, 1.6742220214548014],
    [373907.0188878749, 1.7624275809584988],
    [476128.04304569465, 1.8626173131303725],
    [608306.7886832356, 1.9394373170094312],
    [754407.5419429044, 2.0128296785917756],
    [954684.3734569536, 2.070665351059871],
    [1133497.0707212614, 2.14889077309692],
    [1496304.8474996313, 2.213547517633721],
    [1965139.0870634306, 2.2765381359127335],
    [2475698.659348786, 2.3186066472790365],
    [3310490.5870114015, 2.3647087705176655],
    [4394459.650286362, 2.389262057395892],
    [5542707.528611636, 2.388961946617643],
    [7163691.428922772, 2.4612633864674605],
    [9510000.236400496, 2.482141228878883],
    [12433790.835510746, 2.457235176455433],
    [16703559.355714563, 2.4298246196961215],
    [20098284.004403695, 2.4660859819320815],
    [23499444.14345418, 2.383113296313889],
    [29146594.401803862, 2.5857024387083967],
    [37176601.50149534, 2.6739249042817512],
    [45149836.951307535, 2.6288031845172197],
    [53956885.4343455, 2.7516089684744522],
    [942.5545726851094, 0.4678315911641864],
    [1220.2726954994503, 0.46772851176250496],
], dtype=float)

_8c = np.array([
    [1.9389502977449329, 1.3538391847304494],
    [2.435972461365186, 2.264509444838179],
    [3.185253289963067, 0.6266633761241769],
    [3.8884221238396446, 0.5711653841904925],
    [4.751127366201714, 0.7482761864321388],
    [5.982582737930419, 2.2415052667305853],
    [7.742480733803555, 1.1588664755622062],
    [9.308231013473845, 0.38150639665576414],
    [11.842461732535734, 1.3210741335777954],
    [14.617687785064795, 0.9035506614746547],
    [18.781670566183752, 1.1700939954130556],
    [22.898747741194565, 0.7886192233466893],
    [28.6930343562071, 1.0254146613784014],
    [35.29024029792694, 1.2880264376574013],
    [45.524407142657104, 0.9781434110691096],
    [56.95290004968091, 0.8055170320765122],
    [76.7470918403716, 1.2874915867892156],
    [100.09202596674318, 1.3808339342401617],
    [119.22625970301621, 1.433675460664456],
    [143.67548527819048, 1.260957765669973],
    [173.40705557723618, 1.4859305768453508],
    [217.53482007796958, 2.0164280944101938],
    [292.6354941482687, 1.256365875289454],
    [344.6551664452295, 1.6078063794976396],
    [431.14156518410164, 1.413655514346364],
    [538.1214392035145, 0.6438224830238966],
    [666.4492012661258, 1.082743717038201],
    [900.1969672205466, 1.3694316885328899],
    [1184.648735577451, 1.3737895569518672],
    [1411.004612163507, 1.4067850722997557],
    [1682.9006075496818, 1.7889555853328671],
    [2352.1350597289397, 1.232619366418234],
    [3058.222299472347, 1.3403117666156659],
    [3924.6052005226356, 1.2946432241432166],
    [5296.945156832011, 1.3799326334423334],
    [6969.360875102652, 1.3343394629079466],
    [9172.042229893377, 1.3511257949601427],
    [12069.680320187916, 1.3422962096003603],
    [16289.997122680677, 1.4250688286599242],
    [21435.638933363043, 1.407795477931006],
    [28210.96870290892, 1.4295864012553574],
    [37130.3841879411, 1.4690238454635196],
    [47935.3346250139, 1.5358179650378307],
    [64340.8598356831, 1.627355514741077],
    [84486.07075102825, 1.7086392481318065],
    [111791.44887646641, 1.8330933922631791],
    [148308.93960571516, 1.987805311038298],
    [191421.7436251274, 2.136410363477812],
    [253979.38755570416, 2.31974332627241],
    [307132.2262028268, 2.4022468991376753],
    [379988.693189706, 2.580424711260762],
    [488091.8982010124, 2.773368966557401],
    [603749.5847059045, 2.898366737380516],
    [728510.3481103727, 3.061199112805829],
    [924100.2444315563, 3.23798834191612],
    [1143362.4557191054, 3.4277162823502305],
    [1472667.8122406804, 3.612067484136675],
    [1839347.3640046017, 3.729973490985161],
    [2304345.441586027, 3.918978150705926],
    [2850655.963026681, 4.068768281925462],
    [3656305.790663118, 4.243417624409561],
    [4643002.074994911, 4.3438754417277465],
    [5630943.044176251, 4.527552050864133],
    [7431391.295873958, 4.622218045504312],
    [9832664.789111836, 4.733461017414876],
    [12943234.940702531, 4.808428687811136],
    [16821763.314335663, 4.8109238679146],
    [22439254.904095523, 5.0897167606662],
    [29530117.862045556, 5.096849686804807],
    [38862354.80597222, 5.108225578687581],
    [51513285.46447152, 5.045228553285364],
    [67279037.83897573, 5.0263157838420796],
    [84224075.37482247, 5.021979374965907],
    [104231291.54642867, 5.269012765562733],
    [129410528.65174785, 6.348605826409727],
    [169868284.9666333, 5.697748509946837],
    [210039711.785905, 5.7246230860168374],
    [268984765.88899374, 5.147005890281886],
], dtype=float)


#
weibull1 = np.array([
    [27.993780513390252, 26588162512.58218],
    [28.64595258448026, 34162991443.322464],
    [30.128385473782313, 18184026096.03646],
    [30.586493397005096, 33951926398.000214],
    [32.335466538329825, 21421902757.066887],
    [32.49497820909535, 29750347208.835373],
    [34.82969118799864, 23401768621.675617],
    [36.607077030457624, 20134377105.2859],
    [37.8314701209545, 15683201661.73701],
    [40.014405737464315, 14041407205.92009],
    [41.27434779026228, 11580821072.558283],
    [43.63983388029111, 11098132340.363106],
    [46.24317680681902, 8886426485.527887],
    [48.194719692388276, 6844306071.589395],
    [50.22862109865621, 7138325653.800659],
    [51.73375096006346, 4775932305.694371],
    [54.71887015277016, 4730840226.71271],
    [57.34166238942772, 3012283086.7977037],
    [60.675954123310746, 2808068024.747113],
    [63.05015233826759, 1586324066.0781648],
    [65.5172508997513, 1054176176.074022],
    [69.50260630559485, 754518964.6274362],
    [72.86474179836573, 16604173716.946257],
    [73.94840079733869, 708411647.4993919],
    [78.00568206581464, 502541150.6117241],
    [82.9731091560445, 425953580.4999237],
    [85.96558420901019, 466247158.7634432],
    [88.54159296688871, 262288925.23716435],
    [94.53029430764965, 272272798.8585729],
    [99.64102356884226, 220725751.58497405],
    [103.53989164123958, 153327706.2920572],
    [107.27412006626442, 201317381.0012647],
    [112.79596696912805, 136149637.25003034],
    [120.65056377797829, 129523156.73052625],
    [125.44557191018684, 126923435.333107],
    [131.51390563389972, 70498594.08662044],
    [139.5137781493636, 60560502.045631446],
    [146.26265060436342, 47799359.404886276],
    [152.43519009930054, 16886419.751370326],
], dtype=float)